%!PS
%%BoundingBox: 0 0 210 140 
%%HiResBoundingBox: 0 0 209.21494 139.47662 
%%Creator: MetaPost 2.02
%%CreationDate: 2025.02.06:0141
%%Pages: 1
%%BeginProlog
%%EndProlog
%%Page: 1 1
 0 0 0 setrgbcolor 0 0.99626 dtransform truncate idtransform setlinewidth pop [] 0 setdash 1 setlinecap 1 setlinejoin 10 setmiterlimit
newpath 20.92278 0 moveto
48.81767 0 lineto stroke
newpath 48.81767 0 moveto
160.39726 0 lineto stroke
newpath 101.21413 -2.93478 moveto
112.16704 0 lineto
101.21413 2.93478 lineto
 closepath fill
newpath 48.81767 0 moveto
50.73067 3.23259 lineto stroke
newpath 52.64366 6.46513 moveto
54.55666 9.69772 lineto stroke
newpath 56.47003 12.931 moveto
58.38303 16.16354 lineto stroke
newpath 60.29602 19.39613 moveto
62.20901 22.62872 lineto stroke
newpath 64.122 25.86127 moveto
66.03499 29.09386 lineto stroke
newpath 67.94798 32.3264 moveto
69.86136 35.55968 lineto stroke
newpath 71.77435 38.79227 moveto
73.68735 42.02481 lineto stroke
newpath 160.39726 0 moveto
188.29216 0 lineto stroke
newpath 75.60034 45.2574 moveto
83.29533 37.56796 93.72862 33.24855 104.60706 33.24854 curveto
115.48547 33.24852 125.91878 37.5679 133.61378 45.25731 curveto stroke
newpath 133.61378 45.25731 moveto
127.88112 41.86469 132.97003 33.2657 138.7027 36.65831 curveto
141.5474 38.34181 139.02214 42.60886 136.17744 40.92535 curveto
129.02266 36.69112 135.37401 25.95892 142.52882 30.19318 curveto
145.37352 31.87668 142.84827 36.14372 140.00357 34.46022 curveto
132.84877 30.22598 139.20013 19.49382 146.3549 23.72804 curveto
149.1996 25.41154 146.67435 29.67859 143.82965 27.99509 curveto
136.67441 23.76057 143.02615 13.02773 150.1814 17.26222 curveto
153.0261 18.94572 150.50084 23.21277 147.65614 21.52927 curveto
140.50134 17.29503 146.8527 6.56287 154.00748 10.79709 curveto
156.85217 12.48059 154.32692 16.74763 151.48222 15.06413 curveto
144.32744 10.8299 150.67879 0.0977 157.8336 4.33195 curveto
160.6783 6.01546 158.15305 10.2825 155.30835 8.599 curveto
149.57568 5.20638 154.6646 -3.39261 160.39726 0 curveto stroke
newpath 133.61378 45.25731 moveto
141.30322 52.95229 145.62263 63.38557 145.62267 74.26399 curveto
145.6227 85.14243 141.30331 95.57573 133.6139 103.27074 curveto stroke
newpath 133.6139 103.27074 moveto
137.62659 97.21077 146.71655 103.2298 142.70386 109.28978 curveto
140.7128 112.29668 136.20245 109.31009 138.19351 106.30319 curveto
143.20172 98.73978 154.54684 106.25209 149.53864 113.8155 curveto
147.54758 116.8224 143.03723 113.83582 145.02829 110.82892 curveto
150.0365 103.2655 161.38162 110.77782 156.37341 118.34123 curveto
154.38235 121.34813 149.87201 118.36154 151.86307 115.35464 curveto
156.87129 107.79121 168.21645 115.30354 163.20822 122.86699 curveto
161.21716 125.8739 156.70677 122.8873 158.69785 119.88037 curveto
163.70607 112.31694 175.05122 119.82927 170.043 127.39272 curveto
168.05194 130.39961 163.5416 127.41302 165.53265 124.40613 curveto
170.54086 116.84271 181.88599 124.35503 176.87778 131.91844 curveto
174.88672 134.92534 170.37637 131.93875 172.36743 128.93185 curveto
177.37564 121.36844 188.72076 128.88075 183.71255 136.44417 curveto
181.7215 139.45107 177.21115 136.46448 179.20221 133.45758 curveto
183.21489 127.39761 192.30486 133.41664 188.29216 139.47662 curveto stroke
newpath 133.6139 103.27074 moveto
125.91893 110.96017 115.48564 115.2796 104.60721 115.27963 curveto
93.72878 115.27965 83.29546 110.96027 75.60045 103.27086 curveto stroke
newpath 75.60045 103.27086 moveto
67.91101 95.57588 63.59158 85.14258 63.59157 74.26414 curveto
63.59155 63.38571 67.91093 52.95241 75.60034 45.2574 curveto stroke
showpage
%%EOF
